Solution 1:

   0   0   0   0   1   0   0   0
   0   0   0   0   0   0   1   0
   0   1   0   0   0   0   0   0
   0   0   0   0   0   1   0   0
   0   0   1   0   0   0   0   0
   1   0   0   0   0   0   0   0
   0   0   0   1   0   0   0   0
   0   0   0   0   0   0   0   1


Solution 2:

   0   0   0   0   1   0   0   0
   0   0   0   0   0   0   1   0
   0   1   0   0   0   0   0   0
   0   0   0   0   0   1   0   0
   0   0   1   0   0   0   0   0
   1   0   0   0   0   0   0   0
   0   0   0   1   0   0   0   0
   0   0   0   0   0   0   0   1


Solution 3:

   0   0   0   0   1   0   0   0
   0   0   0   0   0   0   1   0
   0   1   0   0   0   0   0   0
   0   0   0   0   0   1   0   0
   0   0   1   0   0   0   0   0
   1   0   0   0   0   0   0   0
   0   0   0   1   0   0   0   0
   0   0   0   0   0   0   0   1


Solution 4:

   0   0   0   0   1   0   0   0
   0   0   0   0   0   0   1   0
   0   1   0   0   0   0   0   0
   0   0   0   0   0   1   0   0
   0   0   1   0   0   0   0   0
   1   0   0   0   0   0   0   0
   0   0   0   1   0   0   0   0
   0   0   0   0   0   0   0   1


Solution 5:

   0   0   0   0   1   0   0   0
   0   0   0   0   0   0   1   0
   0   1   0   0   0   0   0   0
   0   0   0   0   0   1   0   0
   0   0   1   0   0   0   0   0
   1   0   0   0   0   0   0   0
   0   0   0   1   0   0   0   0
   0   0   0   0   0   0   0   1


Solution 6:

   0   0   0   0   1   0   0   0
   0   0   0   0   0   0   1   0
   0   1   0   0   0   0   0   0
   0   0   0   0   0   1   0   0
   0   0   1   0   0   0   0   0
   1   0   0   0   0   0   0   0
   0   0   0   1   0   0   0   0
   0   0   0   0   0   0   0   1


Solution 7:

   0   0   0   0   1   0   0   0
   0   0   0   0   0   0   1   0
   0   1   0   0   0   0   0   0
   0   0   0   0   0   1   0   0
   0   0   1   0   0   0   0   0
   1   0   0   0   0   0   0   0
   0   0   0   1   0   0   0   0
   0   0   0   0   0   0   0   1


Solution 8:

   0   0   0   0   1   0   0   0
   0   0   0   0   0   0   1   0
   0   1   0   0   0   0   0   0
   0   0   0   0   0   1   0   0
   0   0   1   0   0   0   0   0
   1   0   0   0   0   0   0   0
   0   0   0   1   0   0   0   0
   0   0   0   0   0   0   0   1


Solution 9:

   0   0   0   0   1   0   0   0
   0   0   0   0   0   0   1   0
   0   1   0   0   0   0   0   0
   0   0   0   0   0   1   0   0
   0   0   1   0   0   0   0   0
   1   0   0   0   0   0   0   0
   0   0   0   1   0   0   0   0
   0   0   0   0   0   0   0   1


Solution 10:

   0   0   0   0   1   0   0   0
   0   0   0   0   0   0   1   0
   0   1   0   0   0   0   0   0
   0   0   0   0   0   1   0   0
   0   0   1   0   0   0   0   0
   1   0   0   0   0   0   0   0
   0   0   0   1   0   0   0   0
   0   0   0   0   0   0   0   1


Solution 11:

   0   0   0   0   1   0   0   0
   0   0   0   0   0   0   1   0
   0   1   0   0   0   0   0   0
   0   0   0   0   0   1   0   0
   0   0   1   0   0   0   0   0
   1   0   0   0   0   0   0   0
   0   0   0   1   0   0   0   0
   0   0   0   0   0   0   0   1


Solution 12:

   0   0   0   0   1   0   0   0
   0   0   0   0   0   0   1   0
   0   1   0   0   0   0   0   0
   0   0   0   0   0   1   0   0
   0   0   1   0   0   0   0   0
   1   0   0   0   0   0   0   0
   0   0   0   1   0   0   0   0
   0   0   0   0   0   0   0   1


Solution 13:

   0   0   0   0   1   0   0   0
   0   0   0   0   0   0   1   0
   0   1   0   0   0   0   0   0
   0   0   0   0   0   1   0   0
   0   0   1   0   0   0   0   0
   1   0   0   0   0   0   0   0
   0   0   0   1   0   0   0   0
   0   0   0   0   0   0   0   1


Solution 14:

   0   0   0   0   1   0   0   0
   0   0   0   0   0   0   1   0
   0   1   0   0   0   0   0   0
   0   0   0   0   0   1   0   0
   0   0   1   0   0   0   0   0
   1   0   0   0   0   0   0   0
   0   0   0   1   0   0   0   0
   0   0   0   0   0   0   0   1


Solution 15:

   0   0   0   0   1   0   0   0
   0   0   0   0   0   0   1   0
   0   1   0   0   0   0   0   0
   0   0   0   0   0   1   0   0
   0   0   1   0   0   0   0   0
   1   0   0   0   0   0   0   0
   0   0   0   1   0   0   0   0
   0   0   0   0   0   0   0   1


Solution 16:

   0   0   0   0   1   0   0   0
   0   0   0   0   0   0   1   0
   0   1   0   0   0   0   0   0
   0   0   0   0   0   1   0   0
   0   0   1   0   0   0   0   0
   1   0   0   0   0   0   0   0
   0   0   0   1   0   0   0   0
   0   0   0   0   0   0   0   1


Solution 17:

   0   0   0   0   1   0   0   0
   0   0   0   0   0   0   1   0
   0   1   0   0   0   0   0   0
   0   0   0   0   0   1   0   0
   0   0   1   0   0   0   0   0
   1   0   0   0   0   0   0   0
   0   0   0   1   0   0   0   0
   0   0   0   0   0   0   0   1


Solution 18:

   0   0   0   0   1   0   0   0
   0   0   0   0   0   0   1   0
   0   1   0   0   0   0   0   0
   0   0   0   0   0   1   0   0
   0   0   1   0   0   0   0   0
   1   0   0   0   0   0   0   0
   0   0   0   1   0   0   0   0
   0   0   0   0   0   0   0   1


Solution 19:

   0   0   0   0   1   0   0   0
   0   0   0   0   0   0   1   0
   0   1   0   0   0   0   0   0
   0   0   0   0   0   1   0   0
   0   0   1   0   0   0   0   0
   1   0   0   0   0   0   0   0
   0   0   0   1   0   0   0   0
   0   0   0   0   0   0   0   1


Solution 20:

   0   0   0   0   1   0   0   0
   0   0   0   0   0   0   1   0
   0   1   0   0   0   0   0   0
   0   0   0   0   0   1   0   0
   0   0   1   0   0   0   0   0
   1   0   0   0   0   0   0   0
   0   0   0   1   0   0   0   0
   0   0   0   0   0   0   0   1


Solution 21:

   0   0   0   0   1   0   0   0
   0   0   0   0   0   0   1   0
   0   1   0   0   0   0   0   0
   0   0   0   0   0   1   0   0
   0   0   1   0   0   0   0   0
   1   0   0   0   0   0   0   0
   0   0   0   1   0   0   0   0
   0   0   0   0   0   0   0   1


Solution 22:

   0   0   0   0   1   0   0   0
   0   0   0   0   0   0   1   0
   0   1   0   0   0   0   0   0
   0   0   0   0   0   1   0   0
   0   0   1   0   0   0   0   0
   1   0   0   0   0   0   0   0
   0   0   0   1   0   0   0   0
   0   0   0   0   0   0   0   1


Solution 23:

   0   0   0   0   1   0   0   0
   0   0   0   0   0   0   1   0
   0   1   0   0   0   0   0   0
   0   0   0   0   0   1   0   0
   0   0   1   0   0   0   0   0
   1   0   0   0   0   0   0   0
   0   0   0   1   0   0   0   0
   0   0   0   0   0   0   0   1


Solution 24:

   0   0   0   0   1   0   0   0
   0   0   0   0   0   0   1   0
   0   1   0   0   0   0   0   0
   0   0   0   0   0   1   0   0
   0   0   1   0   0   0   0   0
   1   0   0   0   0   0   0   0
   0   0   0   1   0   0   0   0
   0   0   0   0   0   0   0   1


Solution 25:

   0   0   0   0   1   0   0   0
   0   0   0   0   0   0   1   0
   0   1   0   0   0   0   0   0
   0   0   0   0   0   1   0   0
   0   0   1   0   0   0   0   0
   1   0   0   0   0   0   0   0
   0   0   0   1   0   0   0   0
   0   0   0   0   0   0   0   1


Solution 26:

   0   0   0   0   1   0   0   0
   0   0   0   0   0   0   1   0
   0   1   0   0   0   0   0   0
   0   0   0   0   0   1   0   0
   0   0   1   0   0   0   0   0
   1   0   0   0   0   0   0   0
   0   0   0   1   0   0   0   0
   0   0   0   0   0   0   0   1


Solution 27:

   0   0   0   0   1   0   0   0
   0   0   0   0   0   0   1   0
   0   1   0   0   0   0   0   0
   0   0   0   0   0   1   0   0
   0   0   1   0   0   0   0   0
   1   0   0   0   0   0   0   0
   0   0   0   1   0   0   0   0
   0   0   0   0   0   0   0   1


Solution 28:

   0   0   0   0   1   0   0   0
   0   0   0   0   0   0   1   0
   0   1   0   0   0   0   0   0
   0   0   0   0   0   1   0   0
   0   0   1   0   0   0   0   0
   1   0   0   0   0   0   0   0
   0   0   0   1   0   0   0   0
   0   0   0   0   0   0   0   1


Solution 29:

   0   0   0   0   1   0   0   0
   0   0   0   0   0   0   1   0
   0   1   0   0   0   0   0   0
   0   0   0   0   0   1   0   0
   0   0   1   0   0   0   0   0
   1   0   0   0   0   0   0   0
   0   0   0   1   0   0   0   0
   0   0   0   0   0   0   0   1


Solution 30:

   0   0   0   0   1   0   0   0
   0   0   0   0   0   0   1   0
   0   1   0   0   0   0   0   0
   0   0   0   0   0   1   0   0
   0   0   1   0   0   0   0   0
   1   0   0   0   0   0   0   0
   0   0   0   1   0   0   0   0
   0   0   0   0   0   0   0   1


Solution 31:

   0   0   0   0   1   0   0   0
   0   0   0   0   0   0   1   0
   0   1   0   0   0   0   0   0
   0   0   0   0   0   1   0   0
   0   0   1   0   0   0   0   0
   1   0   0   0   0   0   0   0
   0   0   0   1   0   0   0   0
   0   0   0   0   0   0   0   1


Solution 32:

   0   0   0   0   1   0   0   0
   0   0   0   0   0   0   1   0
   0   1   0   0   0   0   0   0
   0   0   0   0   0   1   0   0
   0   0   1   0   0   0   0   0
   1   0   0   0   0   0   0   0
   0   0   0   1   0   0   0   0
   0   0   0   0   0   0   0   1


Solution 33:

   0   0   0   0   1   0   0   0
   0   0   0   0   0   0   1   0
   0   1   0   0   0   0   0   0
   0   0   0   0   0   1   0   0
   0   0   1   0   0   0   0   0
   1   0   0   0   0   0   0   0
   0   0   0   1   0   0   0   0
   0   0   0   0   0   0   0   1


Solution 34:

   0   0   0   0   1   0   0   0
   0   0   0   0   0   0   1   0
   0   1   0   0   0   0   0   0
   0   0   0   0   0   1   0   0
   0   0   1   0   0   0   0   0
   1   0   0   0   0   0   0   0
   0   0   0   1   0   0   0   0
   0   0   0   0   0   0   0   1


Solution 35:

   0   0   0   0   1   0   0   0
   0   0   0   0   0   0   1   0
   0   1   0   0   0   0   0   0
   0   0   0   0   0   1   0   0
   0   0   1   0   0   0   0   0
   1   0   0   0   0   0   0   0
   0   0   0   1   0   0   0   0
   0   0   0   0   0   0   0   1


Solution 36:

   0   0   0   0   1   0   0   0
   0   0   0   0   0   0   1   0
   0   1   0   0   0   0   0   0
   0   0   0   0   0   1   0   0
   0   0   1   0   0   0   0   0
   1   0   0   0   0   0   0   0
   0   0   0   1   0   0   0   0
   0   0   0   0   0   0   0   1


Solution 37:

   0   0   0   0   1   0   0   0
   0   0   0   0   0   0   1   0
   0   1   0   0   0   0   0   0
   0   0   0   0   0   1   0   0
   0   0   1   0   0   0   0   0
   1   0   0   0   0   0   0   0
   0   0   0   1   0   0   0   0
   0   0   0   0   0   0   0   1


Solution 38:

   0   0   0   0   1   0   0   0
   0   0   0   0   0   0   1   0
   0   1   0   0   0   0   0   0
   0   0   0   0   0   1   0   0
   0   0   1   0   0   0   0   0
   1   0   0   0   0   0   0   0
   0   0   0   1   0   0   0   0
   0   0   0   0   0   0   0   1


Solution 39:

   0   0   0   0   1   0   0   0
   0   0   0   0   0   0   1   0
   0   1   0   0   0   0   0   0
   0   0   0   0   0   1   0   0
   0   0   1   0   0   0   0   0
   1   0   0   0   0   0   0   0
   0   0   0   1   0   0   0   0
   0   0   0   0   0   0   0   1


Solution 40:

   0   0   0   0   1   0   0   0
   0   0   0   0   0   0   1   0
   0   1   0   0   0   0   0   0
   0   0   0   0   0   1   0   0
   0   0   1   0   0   0   0   0
   1   0   0   0   0   0   0   0
   0   0   0   1   0   0   0   0
   0   0   0   0   0   0   0   1


Solution 41:

   0   0   0   0   1   0   0   0
   0   0   0   0   0   0   1   0
   0   1   0   0   0   0   0   0
   0   0   0   0   0   1   0   0
   0   0   1   0   0   0   0   0
   1   0   0   0   0   0   0   0
   0   0   0   1   0   0   0   0
   0   0   0   0   0   0   0   1


Solution 42:

   0   0   0   0   1   0   0   0
   0   0   0   0   0   0   1   0
   0   1   0   0   0   0   0   0
   0   0   0   0   0   1   0   0
   0   0   1   0   0   0   0   0
   1   0   0   0   0   0   0   0
   0   0   0   1   0   0   0   0
   0   0   0   0   0   0   0   1


Solution 43:

   0   0   0   0   1   0   0   0
   0   0   0   0   0   0   1   0
   0   1   0   0   0   0   0   0
   0   0   0   0   0   1   0   0
   0   0   1   0   0   0   0   0
   1   0   0   0   0   0   0   0
   0   0   0   1   0   0   0   0
   0   0   0   0   0   0   0   1


Solution 44:

   0   0   0   0   1   0   0   0
   0   0   0   0   0   0   1   0
   0   1   0   0   0   0   0   0
   0   0   0   0   0   1   0   0
   0   0   1   0   0   0   0   0
   1   0   0   0   0   0   0   0
   0   0   0   1   0   0   0   0
   0   0   0   0   0   0   0   1


Solution 45:

   0   0   0   0   1   0   0   0
   0   0   0   0   0   0   1   0
   0   1   0   0   0   0   0   0
   0   0   0   0   0   1   0   0
   0   0   1   0   0   0   0   0
   1   0   0   0   0   0   0   0
   0   0   0   1   0   0   0   0
   0   0   0   0   0   0   0   1


Solution 46:

   0   0   0   0   1   0   0   0
   0   0   0   0   0   0   1   0
   0   1   0   0   0   0   0   0
   0   0   0   0   0   1   0   0
   0   0   1   0   0   0   0   0
   1   0   0   0   0   0   0   0
   0   0   0   1   0   0   0   0
   0   0   0   0   0   0   0   1


Solution 47:

   0   0   0   0   1   0   0   0
   0   0   0   0   0   0   1   0
   0   1   0   0   0   0   0   0
   0   0   0   0   0   1   0   0
   0   0   1   0   0   0   0   0
   1   0   0   0   0   0   0   0
   0   0   0   1   0   0   0   0
   0   0   0   0   0   0   0   1


Solution 48:

   0   0   0   0   1   0   0   0
   0   0   0   0   0   0   1   0
   0   1   0   0   0   0   0   0
   0   0   0   0   0   1   0   0
   0   0   1   0   0   0   0   0
   1   0   0   0   0   0   0   0
   0   0   0   1   0   0   0   0
   0   0   0   0   0   0   0   1


Solution 49:

   0   0   0   0   1   0   0   0
   0   0   0   0   0   0   1   0
   0   1   0   0   0   0   0   0
   0   0   0   0   0   1   0   0
   0   0   1   0   0   0   0   0
   1   0   0   0   0   0   0   0
   0   0   0   1   0   0   0   0
   0   0   0   0   0   0   0   1


Solution 50:

   0   0   0   0   1   0   0   0
   0   0   0   0   0   0   1   0
   0   1   0   0   0   0   0   0
   0   0   0   0   0   1   0   0
   0   0   1   0   0   0   0   0
   1   0   0   0   0   0   0   0
   0   0   0   1   0   0   0   0
   0   0   0   0   0   0   0   1


Solution 51:

   0   0   0   0   1   0   0   0
   0   0   0   0   0   0   1   0
   0   1   0   0   0   0   0   0
   0   0   0   0   0   1   0   0
   0   0   1   0   0   0   0   0
   1   0   0   0   0   0   0   0
   0   0   0   1   0   0   0   0
   0   0   0   0   0   0   0   1


Solution 52:

   0   0   0   0   1   0   0   0
   0   0   0   0   0   0   1   0
   0   1   0   0   0   0   0   0
   0   0   0   0   0   1   0   0
   0   0   1   0   0   0   0   0
   1   0   0   0   0   0   0   0
   0   0   0   1   0   0   0   0
   0   0   0   0   0   0   0   1


Solution 53:

   0   0   0   0   1   0   0   0
   0   0   0   0   0   0   1   0
   0   1   0   0   0   0   0   0
   0   0   0   0   0   1   0   0
   0   0   1   0   0   0   0   0
   1   0   0   0   0   0   0   0
   0   0   0   1   0   0   0   0
   0   0   0   0   0   0   0   1


Solution 54:

   0   0   0   0   1   0   0   0
   0   0   0   0   0   0   1   0
   0   1   0   0   0   0   0   0
   0   0   0   0   0   1   0   0
   0   0   1   0   0   0   0   0
   1   0   0   0   0   0   0   0
   0   0   0   1   0   0   0   0
   0   0   0   0   0   0   0   1


Solution 55:

   0   0   0   0   1   0   0   0
   0   0   0   0   0   0   1   0
   0   1   0   0   0   0   0   0
   0   0   0   0   0   1   0   0
   0   0   1   0   0   0   0   0
   1   0   0   0   0   0   0   0
   0   0   0   1   0   0   0   0
   0   0   0   0   0   0   0   1


Solution 56:

   0   0   0   0   1   0   0   0
   0   0   0   0   0   0   1   0
   0   1   0   0   0   0   0   0
   0   0   0   0   0   1   0   0
   0   0   1   0   0   0   0   0
   1   0   0   0   0   0   0   0
   0   0   0   1   0   0   0   0
   0   0   0   0   0   0   0   1


Solution 57:

   0   0   0   0   1   0   0   0
   0   0   0   0   0   0   1   0
   0   1   0   0   0   0   0   0
   0   0   0   0   0   1   0   0
   0   0   1   0   0   0   0   0
   1   0   0   0   0   0   0   0
   0   0   0   1   0   0   0   0
   0   0   0   0   0   0   0   1


Solution 58:

   0   0   0   0   1   0   0   0
   0   0   0   0   0   0   1   0
   0   1   0   0   0   0   0   0
   0   0   0   0   0   1   0   0
   0   0   1   0   0   0   0   0
   1   0   0   0   0   0   0   0
   0   0   0   1   0   0   0   0
   0   0   0   0   0   0   0   1


Solution 59:

   0   0   0   0   1   0   0   0
   0   0   0   0   0   0   1   0
   0   1   0   0   0   0   0   0
   0   0   0   0   0   1   0   0
   0   0   1   0   0   0   0   0
   1   0   0   0   0   0   0   0
   0   0   0   1   0   0   0   0
   0   0   0   0   0   0   0   1


Solution 60:

   0   0   0   0   1   0   0   0
   0   0   0   0   0   0   1   0
   0   1   0   0   0   0   0   0
   0   0   0   0   0   1   0   0
   0   0   1   0   0   0   0   0
   1   0   0   0   0   0   0   0
   0   0   0   1   0   0   0   0
   0   0   0   0   0   0   0   1


Solution 61:

   0   0   0   0   1   0   0   0
   0   0   0   0   0   0   1   0
   0   1   0   0   0   0   0   0
   0   0   0   0   0   1   0   0
   0   0   1   0   0   0   0   0
   1   0   0   0   0   0   0   0
   0   0   0   1   0   0   0   0
   0   0   0   0   0   0   0   1


Solution 62:

   0   0   0   0   1   0   0   0
   0   0   0   0   0   0   1   0
   0   1   0   0   0   0   0   0
   0   0   0   0   0   1   0   0
   0   0   1   0   0   0   0   0
   1   0   0   0   0   0   0   0
   0   0   0   1   0   0   0   0
   0   0   0   0   0   0   0   1


Solution 63:

   0   0   0   0   1   0   0   0
   0   0   0   0   0   0   1   0
   0   1   0   0   0   0   0   0
   0   0   0   0   0   1   0   0
   0   0   1   0   0   0   0   0
   1   0   0   0   0   0   0   0
   0   0   0   1   0   0   0   0
   0   0   0   0   0   0   0   1


Solution 64:

   0   0   0   0   1   0   0   0
   0   0   0   0   0   0   1   0
   0   1   0   0   0   0   0   0
   0   0   0   0   0   1   0   0
   0   0   1   0   0   0   0   0
   1   0   0   0   0   0   0   0
   0   0   0   1   0   0   0   0
   0   0   0   0   0   0   0   1


Solution 65:

   0   0   0   0   1   0   0   0
   0   0   0   0   0   0   1   0
   0   1   0   0   0   0   0   0
   0   0   0   0   0   1   0   0
   0   0   1   0   0   0   0   0
   1   0   0   0   0   0   0   0
   0   0   0   1   0   0   0   0
   0   0   0   0   0   0   0   1


Solution 66:

   0   0   0   0   1   0   0   0
   0   0   0   0   0   0   1   0
   0   1   0   0   0   0   0   0
   0   0   0   0   0   1   0   0
   0   0   1   0   0   0   0   0
   1   0   0   0   0   0   0   0
   0   0   0   1   0   0   0   0
   0   0   0   0   0   0   0   1


Solution 67:

   0   0   0   0   1   0   0   0
   0   0   0   0   0   0   1   0
   0   1   0   0   0   0   0   0
   0   0   0   0   0   1   0   0
   0   0   1   0   0   0   0   0
   1   0   0   0   0   0   0   0
   0   0   0   1   0   0   0   0
   0   0   0   0   0   0   0   1


Solution 68:

   0   0   0   0   1   0   0   0
   0   0   0   0   0   0   1   0
   0   1   0   0   0   0   0   0
   0   0   0   0   0   1   0   0
   0   0   1   0   0   0   0   0
   1   0   0   0   0   0   0   0
   0   0   0   1   0   0   0   0
   0   0   0   0   0   0   0   1


Solution 69:

   0   0   0   0   1   0   0   0
   0   0   0   0   0   0   1   0
   0   1   0   0   0   0   0   0
   0   0   0   0   0   1   0   0
   0   0   1   0   0   0   0   0
   1   0   0   0   0   0   0   0
   0   0   0   1   0   0   0   0
   0   0   0   0   0   0   0   1


Solution 70:

   0   0   0   0   1   0   0   0
   0   0   0   0   0   0   1   0
   0   1   0   0   0   0   0   0
   0   0   0   0   0   1   0   0
   0   0   1   0   0   0   0   0
   1   0   0   0   0   0   0   0
   0   0   0   1   0   0   0   0
   0   0   0   0   0   0   0   1


Solution 71:

   0   0   0   0   1   0   0   0
   0   0   0   0   0   0   1   0
   0   1   0   0   0   0   0   0
   0   0   0   0   0   1   0   0
   0   0   1   0   0   0   0   0
   1   0   0   0   0   0   0   0
   0   0   0   1   0   0   0   0
   0   0   0   0   0   0   0   1


Solution 72:

   0   0   0   0   1   0   0   0
   0   0   0   0   0   0   1   0
   0   1   0   0   0   0   0   0
   0   0   0   0   0   1   0   0
   0   0   1   0   0   0   0   0
   1   0   0   0   0   0   0   0
   0   0   0   1   0   0   0   0
   0   0   0   0   0   0   0   1


Solution 73:

   0   0   0   0   1   0   0   0
   0   0   0   0   0   0   1   0
   0   1   0   0   0   0   0   0
   0   0   0   0   0   1   0   0
   0   0   1   0   0   0   0   0
   1   0   0   0   0   0   0   0
   0   0   0   1   0   0   0   0
   0   0   0   0   0   0   0   1


Solution 74:

   0   0   0   0   1   0   0   0
   0   0   0   0   0   0   1   0
   0   1   0   0   0   0   0   0
   0   0   0   0   0   1   0   0
   0   0   1   0   0   0   0   0
   1   0   0   0   0   0   0   0
   0   0   0   1   0   0   0   0
   0   0   0   0   0   0   0   1


Solution 75:

   0   0   0   0   1   0   0   0
   0   0   0   0   0   0   1   0
   0   1   0   0   0   0   0   0
   0   0   0   0   0   1   0   0
   0   0   1   0   0   0   0   0
   1   0   0   0   0   0   0   0
   0   0   0   1   0   0   0   0
   0   0   0   0   0   0   0   1


Solution 76:

   0   0   0   0   1   0   0   0
   0   0   0   0   0   0   1   0
   0   1   0   0   0   0   0   0
   0   0   0   0   0   1   0   0
   0   0   1   0   0   0   0   0
   1   0   0   0   0   0   0   0
   0   0   0   1   0   0   0   0
   0   0   0   0   0   0   0   1


Solution 77:

   0   0   0   0   1   0   0   0
   0   0   0   0   0   0   1   0
   0   1   0   0   0   0   0   0
   0   0   0   0   0   1   0   0
   0   0   1   0   0   0   0   0
   1   0   0   0   0   0   0   0
   0   0   0   1   0   0   0   0
   0   0   0   0   0   0   0   1


Solution 78:

   0   0   0   0   1   0   0   0
   0   0   0   0   0   0   1   0
   0   1   0   0   0   0   0   0
   0   0   0   0   0   1   0   0
   0   0   1   0   0   0   0   0
   1   0   0   0   0   0   0   0
   0   0   0   1   0   0   0   0
   0   0   0   0   0   0   0   1


Solution 79:

   0   0   0   0   1   0   0   0
   0   0   0   0   0   0   1   0
   0   1   0   0   0   0   0   0
   0   0   0   0   0   1   0   0
   0   0   1   0   0   0   0   0
   1   0   0   0   0   0   0   0
   0   0   0   1   0   0   0   0
   0   0   0   0   0   0   0   1


Solution 80:

   0   0   0   0   1   0   0   0
   0   0   0   0   0   0   1   0
   0   1   0   0   0   0   0   0
   0   0   0   0   0   1   0   0
   0   0   1   0   0   0   0   0
   1   0   0   0   0   0   0   0
   0   0   0   1   0   0   0   0
   0   0   0   0   0   0   0   1


Solution 81:

   0   0   0   0   1   0   0   0
   0   0   0   0   0   0   1   0
   0   1   0   0   0   0   0   0
   0   0   0   0   0   1   0   0
   0   0   1   0   0   0   0   0
   1   0   0   0   0   0   0   0
   0   0   0   1   0   0   0   0
   0   0   0   0   0   0   0   1


Solution 82:

   0   0   0   0   1   0   0   0
   0   0   0   0   0   0   1   0
   0   1   0   0   0   0   0   0
   0   0   0   0   0   1   0   0
   0   0   1   0   0   0   0   0
   1   0   0   0   0   0   0   0
   0   0   0   1   0   0   0   0
   0   0   0   0   0   0   0   1


Solution 83:

   0   0   0   0   1   0   0   0
   0   0   0   0   0   0   1   0
   0   1   0   0   0   0   0   0
   0   0   0   0   0   1   0   0
   0   0   1   0   0   0   0   0
   1   0   0   0   0   0   0   0
   0   0   0   1   0   0   0   0
   0   0   0   0   0   0   0   1


Solution 84:

   0   0   0   0   1   0   0   0
   0   0   0   0   0   0   1   0
   0   1   0   0   0   0   0   0
   0   0   0   0   0   1   0   0
   0   0   1   0   0   0   0   0
   1   0   0   0   0   0   0   0
   0   0   0   1   0   0   0   0
   0   0   0   0   0   0   0   1


Solution 85:

   0   0   0   0   1   0   0   0
   0   0   0   0   0   0   1   0
   0   1   0   0   0   0   0   0
   0   0   0   0   0   1   0   0
   0   0   1   0   0   0   0   0
   1   0   0   0   0   0   0   0
   0   0   0   1   0   0   0   0
   0   0   0   0   0   0   0   1


Solution 86:

   0   0   0   0   1   0   0   0
   0   0   0   0   0   0   1   0
   0   1   0   0   0   0   0   0
   0   0   0   0   0   1   0   0
   0   0   1   0   0   0   0   0
   1   0   0   0   0   0   0   0
   0   0   0   1   0   0   0   0
   0   0   0   0   0   0   0   1


Solution 87:

   0   0   0   0   1   0   0   0
   0   0   0   0   0   0   1   0
   0   1   0   0   0   0   0   0
   0   0   0   0   0   1   0   0
   0   0   1   0   0   0   0   0
   1   0   0   0   0   0   0   0
   0   0   0   1   0   0   0   0
   0   0   0   0   0   0   0   1


Solution 88:

   0   0   0   0   1   0   0   0
   0   0   0   0   0   0   1   0
   0   1   0   0   0   0   0   0
   0   0   0   0   0   1   0   0
   0   0   1   0   0   0   0   0
   1   0   0   0   0   0   0   0
   0   0   0   1   0   0   0   0
   0   0   0   0   0   0   0   1


Solution 89:

   0   0   0   0   1   0   0   0
   0   0   0   0   0   0   1   0
   0   1   0   0   0   0   0   0
   0   0   0   0   0   1   0   0
   0   0   1   0   0   0   0   0
   1   0   0   0   0   0   0   0
   0   0   0   1   0   0   0   0
   0   0   0   0   0   0   0   1


Solution 90:

   0   0   0   0   1   0   0   0
   0   0   0   0   0   0   1   0
   0   1   0   0   0   0   0   0
   0   0   0   0   0   1   0   0
   0   0   1   0   0   0   0   0
   1   0   0   0   0   0   0   0
   0   0   0   1   0   0   0   0
   0   0   0   0   0   0   0   1


Solution 91:

   0   0   0   0   1   0   0   0
   0   0   0   0   0   0   1   0
   0   1   0   0   0   0   0   0
   0   0   0   0   0   1   0   0
   0   0   1   0   0   0   0   0
   1   0   0   0   0   0   0   0
   0   0   0   1   0   0   0   0
   0   0   0   0   0   0   0   1


Solution 92:

   0   0   0   0   1   0   0   0
   0   0   0   0   0   0   1   0
   0   1   0   0   0   0   0   0
   0   0   0   0   0   1   0   0
   0   0   1   0   0   0   0   0
   1   0   0   0   0   0   0   0
   0   0   0   1   0   0   0   0
   0   0   0   0   0   0   0   1


